671604
514207
459619
366020
527720
675727
408737
683554
683555
676666
408567
419077
408786
242000
258400
268500
287200
323600
333700
450800
60700
70800
264801
67801
69801
70801
69402
70802
70902
288803
362603
397803
516604
266905
272306
392806
39406
483006
495206
69206
67807
70907
333708
413608
67808
71210
247611
287311
274412
419812
55712
261413
419813
67213
70413
415114
48414
671415
716715
70416
306917
70517
283518
70518
285319
67219
258320
280520
289920
363320
289921
241422
289222
309722
276623
70223
276824
284124
276825
294325
276826
39426
276827
70027
276828
394828
45328
239629
45329
293230
360930
465430
66130
69330
267431
37831
286032
277034
280834
389234
277035
276736
276737
338837
67837
682637
71938
397639
71940
309341
334141
71441
239642
266842
294343
487743
286544
420344
64845
67946
289648
70048
71948
289649
70049
71949
281050
289650
293650
294050
331350
333150
287851
289651
361851
65951
70851
70052
39553
70653
69754
71954
70155
42456
456856
592556
293958
37758
39758
72258
39759
456459
72259
247060
289660
294560
376960
65660
68460
69860
70060
247861
270761
271161
273962
615163
65963
442964
69164
683465
69165
72165
294167
264970
287370
295670
336270
39370
72270
343571
37671
70871
486272
69173
434174
51574
69174
71574
69475
36977
40977
69477
302778
37678
73378
267679
284579
38079
242380
258180
293180
420180
242381
269681
305881
346782
350482
37583
70083
414884
69784
37585
550585
73285
241886
414987
49387
49388
289489
242390
243890
290590
329490
362490
243891
258191
44991
258192
269092
70092
71193
70094
71194
273895
408695
692895
71195
73195
356196
408996
408997
70297
70797
73297
46798
70698
380499
178800
179100
185400
185900
186700
199100
199200
201900
202500
202600
211400
212700
213300
213500
217100
218500
219700
220400
220800
224100
227600
238500
239900
246100
246500
251100
252800
254100
254300
258300
258900
260800
263400
265200
267000
271600
273300
276200
277700
281900
283900
287100
290700
292400
293200
293500
294200
294600
294800
296700
297700
298100
298200
299400
303900
305000
306300
308800
309800
310500
310800
311600
311700
313600
314300
315100
316400
316600
316800
320800
322200
326400
328400
337100
337500
340200
348200
354700
357800
358500
360300
361300
362300
365400
387200
401400
408100
413200
426400
445800
481600
550000
571000
575200
585600
587300
659400
680000
688000
688100
175901
178801
179101
181901
187201
187701
187901
188201
189701
192501
197701
212701
213501
217101
218501
220801
228701
231701
232601
239901
250901
252801
253001
254101
258901
260801
263401
265201
266001
272501
274001
276201
277701
285901
286101
287801
289201
289501
293401
293901
295901
297701
299401
303601
303901
304501
308001
309801
310501
314101
314301
316401
316601
316801
326401
327001
327301
327401
329901
330001
339201
343501
344701
353701
355401
362601
378601
381201
407301
411201
412801
417301
426401
431001
434801
459101
575201
591701
670101
688101
716801
718201
178002
186902
187702
188202
194602
197702
199102
202602
208102
209102
210902
211202
213502
217102
219802
224102
224302
229002
239902
251702
252802
254102
258902
263102
263502
265202
266002
271202
274802
276202
277002
277702
280902
288702
293902
299602
301702
303302
303602
306302
314102
316402
316802
327402
329102
346102
350402
350902
354302
362002
376202
396402
407802
409602
426402
452502
457502
483802
506202
508102
514002
520002
527602
571002
636202
688102
701602
707202
718702
727802
175903
178003
181903
188203
197503
197703
202503
205603
209103
211203
213503
213803
217103
230803
233903
236303
239903
245703
258903
260803
263403
264803
266003
266503
266803
269403
272903
274803
283703
284003
293903
296503
302703
303303
316803
327103
329103
330003
338003
344003
346103
350903
358203
360903
377703
396403
418403
424103
428903
459603
483003
483303
487603
493803
521203
537203
582203
637203
727803
175904
178004
185204
205604
213504
219804
224104
225004
226004
226304
232104
236304
239504
239904
242904
251704
258904
262704
263404
269404
293904
298604
303304
314304
316804
327104
329104
329804
350904
354104
354704
356704
388804
412404
430304
436204
437304
438604
441204
443804
529704
700804
178005
184205
204905
205605
206305
213505
214105
219805
221405
221805
233905
236305
242905
251205
263505
265005
269005
269205
272905
275305
288405
293905
303305
327105
334405
350905
370805
400005
412405
414205
414305
418405
437605
445805
481005
516705
529705
572705
586605
178006
188106
202506
205606
212106
213506
214106
217106
218506
219806
221006
221406
221806
224106
245806
260606
269006
272206
280906
288206
327106
327306
350906
354706
388106
394706
395306
395506
412406
414606
415606
420306
435106
437306
458106
465606
466106
467406
469106
483906
494206
494706
529706
559106
563606
620706
665306
677306
202507
212107
218507
219807
221407
223107
229007
245807
272907
273607
275307
276607
297307
313007
321407
327107
331807
350907
358107
359607
392207
394707
395607
400807
426007
427307
441207
446907
471507
486107
517507
529707
559107
560607
595507
650807
188208
189208
214108
218508
221508
261708
262208
263708
270108
273608
275008
275208
275408
276308
277808
281208
297308
304908
315208
337708
358108
392208
407108
423108
431108
441308
493608
497408
498408
508308
529708
558008
617508
621408
644208
654608
176709
185809
194109
213509
261709
263709
269209
275409
281009
293009
305309
358109
392209
395109
414309
431109
441309
468409
523809
600509
649209
182810
186610
187210
188010
191710
193310
195410
197710
199310
202910
203110
206710
207010
213810
216010
217510
218310
218510
221810
222810
223610
226410
227710
228910
233210
234110
241010
241410
244510
245510
250910
251610
252110
261410
263310
263710
265410
265710
268510
269410
272610
273110
273610
277010
278210
283910
284910
287210
287810
287910
289410
291310
292410
292710
293310
295110
296710
298010
298110
304310
306210
308410
308910
309810
310010
315510
316010
316410
316610
318310
322210
323610
324010
343010
346410
352710
356710
358410
360110
360910
362110
364110
364910
365410
392210
395110
409610
414910
418510
418710
422910
430010
431310
468410
568410
600510
603610
644210
181911
186611
188711
193311
197811
199311
199611
200811
202911
205711
209611
213811
216111
218311
222911
226311
227711
228911
229611
232411
240411
245511
246911
263711
264811
265611
267411
268311
268511
271411
273111
275311
275811
277011
278211
281411
284811
287211
290211
299611
301711
309811
310011
316011
316511
316611
318411
320011
320711
321611
322211
325811
327111
327211
333911
340111
349011
350411
355711
356411
358811
365411
381211
382111
383711
384511
387211
388611
395111
403511
414911
415611
423111
475011
527411
582011
597411
604211
633911
638311
644711
650211
182512
199312
209612
213812
218312
220312
224512
227712
228112
228912
231612
232412
235612
245512
251612
255512
259812
262112
263412
264812
265612
267412
268512
270412
271412
272912
273712
274012
284112
287212
288312
293712
299312
301712
304612
309512
314912
316412
316612
318412
321612
322212
330112
340112
346412
360112
365412
382012
382712
384512
387212
395112
413712
415512
425712
435012
474212
528212
537812
574612
585012
617512
639212
663212
185913
188713
199313
200813
209613
213813
218313
224813
227713
228913
230813
235613
245513
255513
262413
269413
272613
287213
290513
293713
317313
322213
329213
334813
339813
340113
342513
344513
345913
365413
381713
383813
395113
402613
403313
408813
413713
415613
417413
421113
425713
474113
532113
575913
597213
607413
647313
188014
200114
206714
213814
214714
218314
219814
221414
227714
228914
245514
262414
267814
273914
275814
282414
282814
287214
290514
313314
319214
322214
329214
340114
344514
345914
360214
387114
387714
390014
390414
399914
403314
408814
609414
617514
679314
686414
707014
710414
712014
185915
189115
214715
216915
218315
221415
228915
239515
243915
262415
262715
264415
266515
267415
272515
275815
280915
290515
311115
316515
320615
329015
340115
358515
381315
387115
404515
405815
416315
419415
435515
445815
459115
480015
483315
525515
574915
593315
710415
185916
188016
218316
221416
225216
228916
229616
262416
267816
273416
274816
275316
280416
280916
281216
286016
312416
340116
379016
379916
385416
394216
402016
405816
407216
408516
409016
414216
415216
417116
419016
458516
560716
563816
576216
629016
636516
185917
209617
221417
222917
269317
274817
274917
281217
287517
295117
305817
316917
356217
378717
394217
406517
408317
408417
408517
411917
415617
426017
433217
449717
459217
513417
530517
559917
576217
616817
636517
656717
720617
189218
194818
207418
209618
212118
216918
239218
262918
264418
270018
271418
272518
274818
277118
285218
287518
288518
305818
317318
352318
362618
366818
371318
372718
377318
385818
408518
411918
420518
435518
437618
450918
474118
476118
493618
513518
527318
549418
568018
570418
627918
636518
663418
667218
695918
715718
197819
209619
216919
228919
239219
265819
272719
277119
284619
299719
299819
320119
332219
336819
367519
372719
376319
376719
397319
408519
411919
438719
438819
450919
474119
483619
513519
546719
570419
628419
633919
636519
659219
660419
661419
701919
178520
181020
181520
182320
184520
185920
187320
188020
193620
196820
197720
199120
200620
201320
203120
204520
205220
206020
207120
210820
218520
220420
220920
221220
222720
222920
228620
231320
232220
234720
238520
239520
241420
244720
244820
251220
251620
255520
258420
260820
262420
262920
263420
263520
265020
268820
269120
269520
270120
272520
274420
275320
277420
281020
281220
286820
287220
287320
290920
291620
292720
293220
293820
294820
294920
295120
295720
298020
298520
298620
299320
299720
304020
305420
305520
306320
307520
308920
311220
313120
316620
316820
317820
318720
319520
319820
320320
321420
321620
321820
322120
324020
324220
324820
325320
326320
326420
334920
338820
344520
346420
349420
352920
353820
354020
354420
355020
360120
361720
362020
362220
364120
366720
372720
376020
397220
397320
407820
411420
412320
415520
419720
446520
450920
455520
560020
599220
614120
633920
636520
659220
704820
718420
721520
722420
177221
178521
181021
181521
184021
184521
193621
197021
197721
198421
199121
202921
204521
207121
210821
213221
219421
222921
224221
238821
241421
249121
249921
262421
263221
263721
264821
268821
269121
272121
272421
274421
275321
282921
290121
291621
292721
293221
293721
293821
294821
295721
296721
299721
301721
304521
305521
308421
311021
313021
313121
315521
316421
316621
317821
321621
322121
324021
324821
329621
341221
346121
349421
350121
353621
359621
360121
360921
361921
364221
376121
380421
428221
446521
450921
508221
561521
636521
659221
721321
722421
178522
181022
181522
184522
185922
186122
188722
194122
194922
197722
200122
206822
207122
210822
213822
221722
222922
228722
229022
232922
234522
240422
245522
251522
261822
262422
263222
263722
264822
266522
269122
271422
272122
272422
274422
286822
293222
293822
294822
295122
295722
299722
305522
312022
312322
312722
313122
319822
321622
322122
324022
338222
360122
372622
376122
398522
412422
427222
573022
577922
636522
659222
722422
184523
186123
188723
197723
199423
200123
206823
207123
210823
213823
222923
231223
234523
242023
245323
249723
250823
251523
261023
261823
262423
265723
266523
269123
270123
272423
274423
283223
287123
293823
295123
299723
309723
312223
312323
319823
321623
322123
325423
333723
362623
376123
390323
400023
412023
412423
445923
456123
457523
487423
523023
549323
558423
637123
659223
668223
722423
184524
186124
188724
197724
199324
200124
206824
209224
210824
213824
217024
222924
243224
251524
261824
265724
266524
268524
269124
270124
271424
272224
272424
273324
274424
278124
278324
281824
282624
285224
293824
295124
309724
312324
326924
329324
338424
349424
362624
365824
372624
376124
412324
414424
420324
436824
437724
442024
443824
446124
457524
458524
517724
533724
637124
659224
660124
661324
665824
667724
188725
194925
198825
199325
210825
222925
251525
260425
262125
264425
266025
269125
270125
271425
272225
273325
281025
281825
283225
286525
287525
288325
293825
295125
295225
334225
343925
356125
362625
365825
380325
414425
430825
483425
523025
527425
634925
637125
659225
696125
188726
190026
198826
211426
239226
251526
265626
266026
266926
269126
271426
283226
283626
285126
285326
286526
293826
303826
325526
329426
332026
335826
336326
362626
365826
388026
391126
393726
412126
412426
414426
415226
415526
423126
427326
431826
457826
465826
468026
471826
483426
490426
490726
494126
496026
521226
584826
619626
637126
650526
659226
188727
189227
203427
206827
217027
251527
263727
269127
269827
276427
277727
287127
303827
329427
392227
413327
414427
471827
483427
493227
503627
504727
506927
507627
573727
589027
188728
194128
203428
206828
217028
232728
250328
251528
263728
266928
269128
270628
272228
303828
377628
404228
406928
422428
424228
437628
450028
483428
493828
497328
504728
506928
646828
176130
177030
178430
179130
185930
188030
189130
190530
191930
193230
193430
194130
197830
199630
203730
206830
210830
211130
211930
212930
214230
217330
219530
227530
230230
230530
230730
230830
231330
236330
236930
238530
239230
240230
242030
250330
250430
250930
251530
254130
256730
257130
260630
260930
261530
263430
263730
267430
270430
271430
273130
274030
274430
283930
285230
287230
288330
291630
293530
294830
295230
295730
295830
296730
298030
298830
299730
302030
302830
303430
304730
305530
305830
307530
308130
308430
308830
309630
310230
312230
314330
316030
316830
317330
317430
318730
319830
320230
320330
320530
320930
323230
324030
324930
325330
326730
326830
328230
328730
333330
333930
334430
341230
341430
344230
346430
346530
347130
347330
348630
349430
349630
350530
351330
351930
354030
359430
360130
391130
402230
402930
403030
403230
405530
405830
429930
446130
457430
469230
476030
476930
487730
508730
509930
531630
597630
599030
623930
648730
655930
659230
705930
727530
177031
178431
179131
187531
189131
189431
191931
193231
193431
194131
195731
196231
203731
206831
211931
212931
217331
222931
223431
225531
227231
229631
230831
231231
231331
233431
236931
240331
245731
248631
249131
250431
254731
256731
257131
261531
269131
273131
276631
277931
283931
286831
287831
292331
292631
293931
294831
294931
295231
295831
296731
297031
298031
300131
303431
309631
310231
312231
314031
314831
316031
317331
318431
318931
324031
327031
334731
337931
354031
361331
383131
394131
402931
404931
405831
413231
431031
441931
458531
475131
510031
559531
598731
618331
647331
659231
175932
177032
177232
178432
179132
185032
187532
188432
191032
191932
193232
193432
194132
196532
199732
201832
206632
206832
207832
209332
212932
231032
231232
236932
238532
248632
249432
256732
260232
260632
264632
269232
270432
273132
273632
276932
282932
287832
295232
295732
302332
309632
312032
314032
317732
322132
324032
334732
336332
346232
357132
367532
382332
389932
390832
395732
402932
406632
422332
422532
424532
430732
431032
461732
524232
526832
537132
538332
559532
566832
618132
659232
177033
177233
185033
187533
188433
189533
191033
193233
194233
198233
199633
199733
201833
202133
206633
206833
207833
212933
219333
242033
245833
255933
260233
264533
265233
266033
273133
273533
287433
287833
288533
289333
293933
294733
295033
295233
295733
302333
309633
312233
322133
325133
327033
338933
361533
365233
381933
389233
390133
391833
394233
419133
422533
532533
559533
590233
659233
671033
707933
176434
177034
177234
185034
187534
191034
193234
198434
199734
201834
203534
206634
206834
207834
211834
212934
219334
219834
231134
242034
243334
249134
253634
255834
264934
266034
267734
267834
268434
273134
285834
295234
298834
302334
309634
329734
339434
344734
365234
389834
391234
394234
414634
419134
422434
423234
423434
431134
495434
513434
532834
536434
544634
559534
567934
659234
176435
177035
177235
185035
188035
189435
191035
191935
193235
198435
199735
201835
204935
205835
206335
206835
217335
219835
231135
231235
242035
253635
262335
264935
266035
267835
273135
274035
284735
285835
293335
295135
298835
309635
314935
320635
325435
329335
329735
332035
337335
346735
366835
378935
380535
380635
381435
394235
410135
415435
418735
419835
423135
423435
424835
427235
449735
483935
513435
516835
543835
551235
551535
559335
559535
659235
712235
176436
177236
185036
189236
191036
193236
194136
197836
198836
199736
201836
204936
205836
206836
211136
212936
217336
219836
242036
262336
264936
265836
266036
272436
273136
274036
274736
277036
284636
285836
302336
309636
312136
336636
340436
365736
379036
379536
380036
380636
386636
394236
413036
413736
437636
438936
445236
475136
514436
524036
524436
526336
539536
561636
562336
659236
673136
715436
719136
176437
178437
185037
193237
198237
199137
201837
204937
206837
211037
212937
217337
219837
242037
262337
263337
265837
265937
267637
267837
273137
284637
302337
303337
309637
312837
329637
336637
365737
380037
380637
394237
403537
408337
409637
410037
413037
414437
418337
419837
425137
445337
450037
533937
559337
567937
590237
662737
664537
673137
685937
176438
178438
185038
189538
198238
201838
205838
212938
219838
222838
242038
261038
265838
265938
267638
272738
280338
302338
303338
307038
309638
312838
329738
336638
360638
371238
372638
374338
380538
380638
394238
396838
408338
413038
423438
425938
427138
427338
427938
434638
446838
454938
543438
662738
673138
699938
724738
176439
178439
198239
201839
202939
204939
205639
205839
212939
219839
222839
242039
265939
267639
273139
303439
306739
307239
309639
353039
374039
378739
380639
397739
399039
408339
448639
480739
538339
539639
546539
592139
651239
668439
673139
688639
699839
176740
178440
179140
181640
182840
187140
187840
188740
190340
192340
196840
197040
204340
206340
207140
207540
210640
211440
213840
216640
218840
219940
220940
221940
231140
231840
233440
236040
236140
238440
241440
244040
244840
249240
249740
251540
254340
258940
263740
264840
265640
268740
268840
269940
271740
272140
277040
277140
277340
278240
282540
285040
285240
286740
287640
290740
290840
290940
292740
293340
293440
293740
293840
294540
295140
295240
296340
296440
296940
298440
299340
300540
309140
311040
311140
311240
312440
316640
317340
317540
319440
320240
321240
323440
324940
325040
325440
326540
329740
332040
332140
333340
336040
336940
340740
341440
342740
342940
343540
344740
349040
354740
360940
361840
362940
365940
366740
367040
374040
374840
380640
399040
409540
409640
412140
418240
422440
425440
438940
448940
452940
456840
539640
653240
688640
706340
713740
176741
187541
187841
188541
188741
190341
192341
199341
204341
207441
210641
211241
211441
211641
216641
219941
221941
225641
231441
231841
233441
238441
240241
243041
244841
245541
245741
247241
249741
251241
251541
254041
260241
260941
263441
266841
268741
269741
269941
272141
290841
293341
293741
293841
294241
294641
295141
295241
296441
298441
299341
299441
309141
311041
311241
312441
314441
316641
317741
319341
323441
329741
332141
338441
340741
341441
343541
362641
363041
373741
380641
396541
399041
425441
425941
427141
506241
544541
576041
610441
713941
716841
723741
182142
185142
187542
193242
197042
199342
199742
204342
210642
213142
214042
216642
224042
225642
232942
236042
238442
240142
247242
249842
251542
254842
260942
268742
269142
272542
274942
287342
293742
295142
295242
296442
299342
299442
311242
312442
319642
322142
323442
332142
332442
338442
340742
380642
396542
399042
425842
435042
435142
435342
447942
480342
480442
518242
519642
566942
615242
669642
684742
187843
193243
197043
199343
200043
209343
210643
215843
216643
220843
232943
236043
238443
239843
241943
244443
247243
260643
260943
265143
265643
266643
266843
269143
272543
274943
283243
286643
287143
287343
289343
293743
295243
296443
311243
332143
333743
336643
340743
342843
352743
353343
361243
371643
380643
399043
406643
407843
427843
433443
452743
453143
564843
612243
182144
186144
187844
194544
195344
199344
200044
205244
210644
211444
216644
232944
233844
238444
239844
240144
241944
244444
244844
260644
260944
265144
265644
268744
269144
272344
274444
283244
290044
295144
311244
312044
313444
326944
335644
340744
353044
361844
370844
388844
406644
406744
412744
418944
427944
436144
446044
619044
633944
653244
663944
666044
182145
187845
195345
198245
199345
200045
210645
211445
216645
220045
221945
232945
238445
239845
240145
241945
263745
269145
269845
270545
272945
274445
282145
283245
283945
286145
288245
295145
311245
312045
340745
373145
386945
388045
388845
391245
391945
406545
406645
406745
414545
423145
427945
436745
443845
514045
519445
530945
544545
571045
616145
633945
666045
182146
187846
199346
200046
210646
215846
216646
231246
238446
269146
269846
270346
272746
272846
272946
281046
283246
287846
290146
295246
301146
303846
308746
340746
388846
392046
392146
404946
414546
425846
437646
437746
447846
452746
472546
490346
490946
304550
309150
309650
310750
311150
318450
321250
322350
323450
327150
328250
333350
336050
339450
342050
344250
346050
352450
352950
362550
362950
365450
367750
402250
403950
414250
414950
415450
417250
441950
444850
468450
469150
474550
503250
557350
579050
603050
608850
612150
637750
638050
640750
648050
178451
179351
180451
180651
183251
190051
192051
197251
197851
199351
200551
203451
204951
207251
208751
210651
213551
221651
221951
224051
224951
225051
225251
228551
229351
230551
231051
231851
242351
243951
244051
247651
248051
252251
255451
258751
262551
263051
263251
264451
265751
267751
268751
270451
270651
271251
271751
272551
274051
274851
278051
280551
282551
284051
286251
286551
288351
291651
292051
293351
293751
297051
297251
298451
299851
302351
309151
311151
317551
317651
326851
328251
332951
342051
344351
352251
357151
367751
381451
381951
388551
389351
390251
390351
390551
405851
412451
425851
440651
442651
469151
474551
479351
503251
510251
559851
570051
638551
641151
646651
648051
176752
179352
191552
192052
197252
199352
203452
203652
206552
207252
208752
209452
210652
213852
214852
219352
225052
229352
231052
231852
240552
241852
243152
248052
252252
263252
265652
266652
267552
267752
270452
272552
272652
281452
282552
284652
286252
286552
286852
288352
291652
292052
293352
293752
295152
297052
297252
299852
303352
305052
305752
309152
310652
311152
313552
326852
328252
333352
334252
336052
342052
352252
360152
367752
381152
382652
390252
391752
406452
408752
412452
424552
428352
457452
469152
475752
495352
503252
507952
565052
599152
603152
641152
648052
176853
179353
181553
199353
203453
207253
210053
211253
212153
213853
219353
221053
224653
225053
231853
240553
243953
252253
261253
263653
265653
267753
271753
272553
272653
282553
284653
286253
286553
286853
290153
295153
298253
303353
309153
309653
324253
327053
328253
348953
349353
351753
352253
353153
361553
367453
367753
382653
386853
389853
402253
420853
422553
424853
428353
435553
443353
469153
503253
527653
580953
593953
603853
648053
176854
178454
179354
181554
188954
191954
197654
199354
207054
207254
213854
221054
222954
224654
231854
239954
244754
259954
263654
263754
265654
266154
269254
271154
274054
282554
284054
286554
286854
287854
295154
309154
311254
328254
339454
341254
348954
367454
367754
402554
412054
423254
424854
457254
469154
503254
536654
580954
648054
648654
677554
710254
719454
176855
178455
179355
181555
190055
192055
197655
198555
202355
207255
208355
213855
221455
222955
224655
227655
231855
261355
264955
271155
273055
278055
282055
287855
294755
309155
320155
327255
348955
359955
367755
378855
415555
430255
503255
580255
580955
648055
677555
706455
711155
176856
177256
179356
181556
182156
188656
189456
190056
192056
203456
207256
208356
213856
219756
231856
269856
271156
273056
280856
292156
295156
309156
312456
320856
329156
337356
348956
359956
380556
386256
407256
419856
424156
448456
526356
538956
539956
540556
551056
576056
576156
632256
648356
699856
702856
716356
177257
179357
181557
208357
213857
221057
231157
263257
270457
271157
282057
283157
283557
285557
286957
289557
295157
348957
362157
380557
407257
409157
418657
431457
434457
447557
450857
457557
551957
559857
561457
576057
593657
633157
642057
664357
676657
702857
721257
179358
181558
189458
213858
261358
263258
266658
269258
269858
271158
272258
276758
278158
282058
283158
289558
299758
312458
315258
317358
327258
361558
377458
385258
400958
408158
409158
418258
418458
419758
421258
434958
545458
563758
565558
576058
600258
601258
663158
665158
200559
203459
213859
219759
221059
261359
263159
263659
265959
267359
271159
272559
278159
283759
284259
289559
327259
331359
375059
376059
377959
388759
419059
424959
430959
445959
517359
541359
556759
557259
563659
587459
605059
615759
636759
664059
691259
703159
704659
706659
723559
176860
179260
180660
183260
184360
185360
185860
188660
190560
191460
194960
195160
196560
201860
203460
204360
205860
211860
215860
216460
218860
219860
220360
221760
222360
226060
228560
229060
229360
229560
232960
233660
234760
237460
238860
239160
240760
242460
244860
247660
247760
248660
249460
251060
251160
252960
254060
257360
259960
260060
260260
263060
264360
265860
267460
267560
269760
270260
270460
270660
272160
273160
275860
276460
284160
290860
290960
291260
292460
293760
294260
296360
296960
297760
298860
301560
306460
307460
308460
310760
311160
311260
312060
271761
272061
272161
273161
275861
282961
284261
284361
287161
289461
290561
293761
294261
296361
298061
298861
302461
303761
311061
311261
311761
312261
312361
314661
319061
320861
322361
323161
324461
328961
331461
337961
342061
354261
357161
360961
366661
377961
410261
411361
412861
415561
434761
457161
488661
538861
558061
569161
573861
580361
609961
612561
636061
669361
176862
185862
201462
201562
206562
209062
213862
219862
220362
221062
221962
225262
226062
232062
232962
234762
238862
240762
251662
252962
254062
255662
260362
261462
263062
263762
264462
267662
268962
270262
271162
273162
273862
278162
280362
286862
287162
290562
293762
294262
294962
296362
296962
297062
298862
300962
311262
312062
312262
319162
327862
328962
330462
331362
336162
337162
340362
348062
353362
356362
360962
361962
412862
434762
445962
487862
522762
612562
636062
701462
724962
177163
185863
189163
190563
195163
195363
201363
204563
214063
219863
220363
221063
226063
226463
228963
232963
233663
234763
240763
244663
252963
254063
261263
261563
263763
267663
271163
273163
284863
293763
294163
296963
298863
300963
302463
312263
328963
336163
340763
347463
348063
353363
356363
361663
385163
410063
412263
412863
418063
422963
434763
445963
519463
542963
665163
665363
669963
177164
185864
195364
201364
201564
204564
216564
218864
219864
221064
226064
227264
229064
244664
246564
264664
265064
265464
269664
271164
277664
283464
287164
293764
296964
298064
299564
300964
302464
303464
318264
328964
336164
340764
347064
348064
357864
360664
361064
401164
412264
422964
434764
442764
443264
454264
474964
476164
538864
551164
571064
576064
654864
696764
722664
185865
194565
201465
204565
206565
210165
214065
221065
227165
227665
229065
231965
232965
256365
258065
261965
264665
269665
269765
272065
272765
278265
280365
280565
282465
293765
293865
300965
302465
310865
322265
329865
350465
388065
399565
410065
415565
422665
427265
458965
517865
538865
675465
722065
723865
185566
195366
202966
203466
204566
206566
214466
219866
221066
224366
225566
229066
232966
256366
269666
272166
272766
296966
317566
318866
320466
327266
329866
374166
393866
410066
412266
423266
434066
446866
455466
473266
486166
492966
494266
501166
508166
569966
635166
645366
646466
652466
655166
713466
177167
185567
195367
201167
204567
206567
214467
216467
218767
219867
221067
221267
222267
232967
265967
270767
283167
283767
295767
296667
329867
355267
386867
391167
392267
405367
408267
412267
421567
422367
424967
433467
443067
462067
464367
469967
491367
497767
498767
502967
507767
529767
565167
578567
608367
608967
622367
636367
177268
185568
189568
195368
201468
206568
216468
218768
219868
221268
222268
223168
232968
264568
268968
269268
276268
276668
301468
312468
313468
331768
347468
358168
387668
395168
395568
405368
406268
406668
406868
422368
433468
442668
469068
470168
470268
498768
518168
522868
529768
578368
579968
582268
589268
591368
601868
603368
608368
617268
180969
185569
195369
206569
208569
218769
221269
232969
255369
263269
268969
273169
301469
315169
365269
387169
387469
395569
402269
404969
408569
415569
417169
420469
425869
499569
500269
522869
550569
559669
578369
636369
178070
179670
180970
181670
181770
184370
184570
186970
197270
200070
203770
206770
207770
208070
208670
209570
213970
214170
214870
215370
223270
224970
225470
227470
227570
228270
237270
238470
239170
239270
241070
241870
248070
248570
254070
255470
255870
257670
258070
260370
260570
261170
263070
265270
265470
266870
270770
271470
272370
277370
283970
286770
287270
287570
289570
289870
290770
292370
293270
294570
297070
297770
298970
299170
299770
299870
300170
300970
301770
303770
304170
304370
307070
308770
310270
310570
311170
311270
312270
313570
315170
315670
316870
318470
320270
320470
321770
323470
324270
325770
327670
329070
330170
331970
339170
341170
349470
350870
351170
352470
354570
356470
358470
362270
362570
367070
387470
408270
411470
414370
424070
427270
434170
443070
446870
461270
500270
506070
517670
522870
558370
594970
627670
264672
266872
270572
273572
275772
283472
284872
286772
289272
289872
298972
299172
299772
299972
303472
307872
309772
311072
323472
329072
330172
358472
414272
423172
425872
428572
461272
522872
526672
538272
557872
720072
174673
181773
186973
200073
204573
207373
216273
221373
223073
228273
238473
239873
242573
249073
252073
260573
264673
266873
267673
270473
271473
275773
276773
277673
283773
286773
289273
293273
299173
299773
299873
303473
307873
329073
330173
358473
387173
401673
411473
414273
416273
424173
441273
446673
468373
482573
522873
533273
538973
665173
676473
184374
185474
186974
189474
200074
202974
203774
207374
216074
220274
221374
226374
238474
261874
262774
263474
263774
264674
266874
267674
271174
273974
275774
276574
276774
283974
286774
289274
299874
301474
317574
329074
348374
355674
362774
368774
405774
415574
416274
420474
422574
424374
425074
441274
442074
442674
475074
517974
522874
535974
641774
673374
681874
691374
712574
182975
184375
184975
186975
188875
195175
200075
202975
207375
207675
213175
220275
221375
228275
238475
241875
262775
263475
263775
266375
267675
270275
271275
273975
275775
286775
299875
303775
316475
329075
339875
358275
362775
379875
381675
415575
416275
419175
420475
423175
468375
475075
506775
526275
640075
711975
180976
184376
195176
203776
207376
221376
234276
238476
240476
260776
261776
262776
263776
271276
273976
275776
276776
277476
284876
286776
287676
299876
335576
351776
355676
385876
395576
406576
416276
422576
442676
450976
454876
497976
506776
533676
562276
678476
715376
718876
722176
180977
186977
198377
202077
202977
203777
207977
226377
229877
234277
238477
250377
262777
263477
263777
271177
272677
275777
299877
312977
351777
367877
379077
385077
395577
406677
409177
416277
425477
430877
431677
445577
451877
457277
461077
506777
535477
545277
547977
627077
662577
666277
678477
180978
186978
188878
197178
202078
203778
207978
228878
238478
250878
262778
271178
275778
281778
302478
330278
332578
376678
381678
382678
385278
395578
399678
404478
405778
416278
448978
451578
457278
465378
469078
513478
629978
655478
657678
660478
663778
664478
666278
678478
685278
722178
186979
188079
188879
190079
198379
207479
238479
245079
262779
262979
263179
263679
272879
274279
275479
275779
287379
292279
329279
339379
362779
376079
416279
422479
435279
435379
438679
448979
455379
459079
475979
476079
517379
549979
602779
653779
655479
670279
678479
725479
176480
177180
181480
181780
184480
184580
185380
185880
186980
187080
187280
189080
191080
195180
196280
197280
199580
204680
206480
208680
209380
209880
217280
218580
219080
220680
223880
224480
225080
225780
226380
228180
228280
230780
232380
232780
232980
233680
234380
238480
241080
241380
241880
242980
243580
244580
247180
249180
250280
250380
250780
251580
251680
254080
262180
263480
264380
266180
270680
272380
275080
277280
280980
281180
283380
284780
285180
286880
287580
289580
290880
291280
292380
292780
293280
294080
294580
295080
296480
296680
297080
298880
299180
301580
305880
310480
310580
311180
312480
314480
315480
316580
316780
318780
319080
319380
319480
320280
320480
320680
322380
322680
323280
324280
324580
325780
326680
328680
332580
336780
337780
338180
339180
339280
344880
346680
351280
352480
356680
360480
362780
371380
386280
406680
416280
418880
424180
434080
453880
458680
462480
481680
483880
517380
549980
573780
660380
678480
723980
176481
177181
180981
181481
181781
183581
184581
184681
185881
186681
187081
189081
194981
195181
197281
198181
204681
206481
207781
208381
208681
209881
210881
220781
222481
224281
224481
225081
230781
232381
234381
236681
238081
240181
243581
244781
245681
249181
250581
262181
263481
263781
267681
277281
277681
285481
286881
293181
296481
296681
297081
298481
301581
304381
308481
311081
311181
312481
314481
314881
317281
319381
320081
320681
320781
322381
323281
323581
326681
328281
331281
337781
346681
356481
362781
209883
210883
211683
214883
224483
230783
231583
238083
247083
249183
261983
263483
264983
265483
272683
273183
273583
275183
277283
282683
288583
296683
297083
298483
354083
366083
367883
368983
416283
418083
444283
453883
454083
475083
487883
516383
543583
543683
544683
556383
558083
612283
614483
614883
616783
661383
678483
177184
178784
183584
186684
186984
198884
199684
200484
202184
210884
214684
238084
252984
263484
265184
265484
270184
272484
275184
276984
277284
283584
286784
288584
294784
295984
296684
297084
298484
302384
326784
334284
338884
359084
368984
388784
414284
416284
422084
435884
436084
436884
437284
438684
439784
441184
442684
487884
516384
533684
544684
581884
616784
661384
671284
177185
178785
183585
184985
186685
186985
199685
200485
200585
214685
221785
231185
238085
255585
261185
263485
264585
265185
272785
274685
275185
277285
285185
295985
296685
297085
302385
331385
345585
359085
362085
368985
422585
427285
437285
441185
441585
443885
444985
453085
475085
516385
517985
530785
616785
661385
671285
713585
177186
178786
183586
184986
200486
220986
230586
232386
239286
252986
263486
265586
271986
273886
275186
277286
282386
289486
296686
297086
304886
331386
359086
391686
413986
421186
427386
441586
441986
453886
463786
482486
530786
558786
633786
636286
647986
648486
649986
653586
670986
713586
177187
186987
199687
200487
211387
214187
219287
220987
263487
265187
265587
271287
275487
277287
283987
297087
301187
302487
312987
331387
353187
386887
405487
410287
411387
421187
430887
453887
469087
470087
490687
492887
580887
603087
648487
176988
186988
200488
214188
219488
220988
221388
263488
264588
266888
277288
297088
300288
301388
304488
331388
334288
394588
395688
405488
406988
414588
420788
421188
423388
425488
430888
434188
439488
453888
462088
500088
500288
506088
509688
513588
585288
598588
642588
707688
717188
176989
186989
220989
260889
261189
263489
264989
266889
270589
274789
277289
288289
304389
304489
332989
340589
376189
388189
391089
403089
403289
411389
417989
420789
425489
462089
465089
469189
500189
506189
508689
509689
516489
559089
575889
590689
707689
717189
178990
181490
182190
185190
185690
186390
186990
187690
192890
193590
196290
201890
202590
204290
210990
213290
219090
219390
220790
223590
224090
224790
227390
227490
227590
229990
232390
232690
232790
236690
238090
240490
240990
244090
245390
246490
250390
251090
254090
255690
261590
261890
262590
263490
264790
266690
266990
269990
270490
273590
275690
277290
284590
286590
287290
289590
290090
290790
292390
293190
293290
295190
296290
297990
299790
300490
302790
302990
303390
303790
304990
305190
307790
308090
308390
308490
308790
309890
311390
311590
311690
312490
313990
315090
315990
316590
317390
318790
319090
319390
320290
322390
322690
323690
323790
324090
324290
325090
326290
326690
327590
329690
334490
338290
344590
346690
354590
355990
358490
360890
363790
363990
366790
367090
367690
388190
391090
392490
415590
425090
425490
428690
446690
465090
475990
477990
493890
499690
517390
527490
545190
558990
643190
646590
671490
703990
707690
719890
178891
178991
179191
181491
182191
185191
185691
186991
188191
191491
192891
193291
196291
199591
208191
210991
213291
219091
223591
224991
232091
232391
232691
232791
239191
240091
244091
247091
249691
251091
251491
260791
261591
261891
263491
264791
265191
265591
266691
266991
269991
275691
277291
281191
283291
287191
289391
289591
290091
292391
295191
299691
300491
302791
303391
307891
308391
308491
311191
313991
316591
319091
319391
320091
320291
321391
322391
322691
324091
338291
338791
341391
344591
346891
360491
361291
367091
367691
384891
388791
392491
422491
425491
437991
493891
508791
643791
234594
243594
265394
268994
270194
273594
295194
303794
310194
313994
322694
328994
329094
361094
367694
402694
637994
671194
707194
708894
709194
713194
177695
178995
183995
184395
185195
188195
196195
202595
205595
213295
217495
219695
221395
227195
232395
232695
240095
240495
258595
265395
268995
273595
275095
289995
305295
305395
313995
317595
322695
331395
336695
337695
361695
362295
367695
380095
409695
416195
418695
424195
444095
526295
531795
537395
538295
542595
575995
598495
663895
665995
707195
709195
713695
178996
179196
184396
185196
185396
187696
196196
202596
204896
213296
221396
221796
231996
232696
240096
267396
268996
273596
274896
280396
282596
289996
313996
330196
334396
336696
353396
367696
379196
385496
423096
430196
531796
539796
545796
548596
561196
585896
633296
663896
665996
688296
698296
709196
711396
711496
719296
178997
179197
184397
187697
202597
204897
213297
221397
229497
231997
232697
245497
266797
267397
267797
270497
273097
275397
294197
313997
321397
330197
385497
405297
419097
419697
428397
431297
454697
456597
461297
524297
531797
546597
574597
631797
659397
659497
685897
709197
178998
184398
187698
232698
267398
270198
270498
276598
312298
329998
331398
334398
377298
387198
397798
398198
418398
419798
423198
445798
451898
457798
531798
540198
574598
655298
657898
659398
719598
184399
187699
203299
212799
213899
216699
232699
264399
266599
267599
269999
270199
283199
288399
295199
329999
347999
362699
376099
386799
401399
404499
418399
422099
427799
430199
437599
444099
445799
455399
461999
485999
486099
553399
556799
557599
567199
587299
591699
659399
679999
685799
688099
724099
370301
445813
467027
481035
499248
389855
438760
688162
646667
506372
524272
323580
627097
344601
411902
349110
434516
631616
551121
634323
438526
492029
524030
687830
674935
716437
433339
346841
486241
518045
402148
455548
616449
346453
673355
479756
426859
506159
548559
588061
433462
562277
558379
703880
703881
436584
512984
486090
509491
477392
438798
349100
356120
728024
497433
360936
419143
395446
410247
409356
426860
451860
506067
479777
361490
555191
667705
344807
360418
360330
360331
368432
368433
360254
360255
360256
360257
360258
399558
399758
360259
362474
358080
453000
349001
479778
425086
347400
365500
367500
398300
399400
417700
424900
348801
424901
619501
424902
424903
433403
617403
416504
424104
424904
569904
671304
345705
424105
424905
441305
658405
664305
345706
424106
424906
428206
642606
424907
428207
575007
583507
624907
634507
642607
388008
402208
428208
496808
642608
428209
575809
642609
354110
362810
428210
476110
544910
642610
414211
428211
642611
414612
424312
428212
580312
642612
424313
428213
475113
609413
642613
344414
349714
428214
599214
642614
360215
391615
416215
428215
642615
414616
416216
424216
428216
642616
416217
378618
416218
644118
718118
402619
416219
644119
664919
681619
679320
422421
424121
596721
642521
450922
614722
642522
360423
403423
446123
488123
618223
642523
674823
693423
490524
642524
349025
434225
611825
642525
349026
415426
488126
611826
349027
422527
461327
494927
596827
611827
587328
611828
415029
501229
611829
615729
701929
349830
361030
421130
601530
675730
353931
421131
516731
675731
357332
404532
421032
421132
516732
616232
404633
415933
421133
582333
421134
503434
679234
344335
360335
421135
522935
421136
540736
417137
421137
524237
360938
421138
358139
398339
414439
421139
414440
451440
521740
573640
616240
729340
399541
564141
573641
639341
461342
573642
580642
358143
360343
573643
580643
399644
400944
538144
573644
395746
391047
464347
522347
646947
648647
619648
648648
728948
424049
495949
648649
728949
424050
424950
648650
424051
501651
503552
508052
587052
422453
388754
640554
414955
640555
416256
422556
455256
461256
530056
636156
530057
648657
661157
701657
373858
398358
424158
530058
531758
636458
661158
446659
448159
530059
636459
702759
352660
530060
609260
636460
702760
353861
530061
569561
609261
630561
729261
530062
564162
583562
651563
682763
686063
386364
417464
564664
671664
682764
474565
682765
464566
574766
442067
644067
648467
679867
421268
471868
509268
636468
648468
471869
505269
648469
507070
589770
671770
589771
698371
358172
373072
444272
698372
352773
395573
444273
698373
424675
424676
715176
424677
715177
729477
424678
545178
715178
424679
458679
703679
715179
424680
715180
411281
424681
583781
608881
651281
715181
424682
510082
614682
398483
424683
614683
415484
443884
517384
614684
436585
541585
564285
399586
438686
518486
609586
627486
399587
422387
454887
648187
353188
422388
423188
482388
493888
599388
423189
355790
423190
556090
592690
692990
423191
452791
501991
583891
585491
402292
412192
415592
479892
415593
610893
627593
415594
437994
494094
415595
573495
424896
479796
557296
573496
599196
632596
424897
434797
557297
573497
399398
407498
424898
546898
573498
615098
424899
506799
573499
615099
488701
416302
392308
392309
349033
391040
391041
370759
370862
355700
362100
376301
438701
706702
347603
376203
410403
431503
361004
479704
490606
529106
395107
440507
502607
608807
667807
404308
413008
440108
502608
502609
421010
405712
431912
440412
356213
365513
444213
537013
356214
411514
356215
692915
356216
358916
386117
439717
455217
368018
376118
413018
497518
564918
497519
564919
357920
410120
564920
351921
398621
564921
376222
433922
448722
380323
413324
439824
346226
439626
365327
405728
395530
555230
724430
354131
355631
377631
416231
367134
414234
379335
546336
409537
502337
407538
502338
417139
502339
356840
370843
438745
421246
461346
365947
502647
395248
435548
456048
420349
401750
441150
506650
346251
410051
505251
410052
414952
441152
365953
393253
410053
441153
506653
410054
678854
379455
410055
402056
441157
441159
450059
441160
361561
368963
449963
356664
612265
421368
421369
419770
438770
351871
356671
438772
450973
383874
361975
364276
664677
367878
370878
414278
664678
361579
380379
355680
355681
357981
438781
348982
438782
664582
348983
430283
558883
367885
411286
558886
490488
503388
503389
364190
503390
347491
461291
692994
389896
517796
544296
563796
415597
424997
517797
580697
372898
433398
370799
374600
396500
572100
704200
596802
447203
616104
636104
636105
395206
636106
672006
469107
594909
658609
486110
562513
547015
585219
538921
544623
716826
593327
602733
651336
629638
713539
438840
713540
522847
522949
546949
638650
646853
638554
479055
638555
414256
556356
629856
641956
446657
539057
641957
683357
