396501
444204
274205
178007
362410
65021
530825
463426
397827
395636
285638
465246
463348
586552
232854
178360
313161
463270
189877
198880
198881
180387
189892
409597
517399
196956
354431
419705
73334
73354
73359
646074
565719
175931
443131
175950
269963
269897
443405
265627
266927
270627
283227
285127
285227
314827
415027
421527
506627
517427
583027
659227
237328
269828
280428
293028
352828
360228
403028
413328
444928
452728
505928
578028
586428
623928
652828
659228
727528
188729
194129
203429
205229
209229
217029
237329
263629
269829
273029
277729
286829
287529
287629
299429
315229
320429
360029
365829
388029
394329
395529
403029
413329
414529
424229
427229
454129
474229
505429
521729
558929
586429
594629
623929
642729
648729
651629
659229
727529
191042
191043
491246
512346
518246
542946
582546
616146
666046
671046
672146
674746
717946
187847
210647
216647
225847
231247
238447
261047
263147
265647
269147
269747
269847
270347
273547
281047
285347
290147
295147
295247
339847
392847
401147
406247
414447
414547
422347
422847
425847
437647
446047
452547
456747
461247
469147
483047
507647
560647
566947
589447
593347
623947
645547
645747
656047
666047
672147
677547
685647
706247
177648
187848
198248
199348
202048
210648
216648
238448
241048
260448
269848
272548
273548
275048
285348
295148
312048
334448
347248
361548
374048
387148
395648
403848
404948
415448
422348
422648
422848
424148
427948
438348
452748
471848
483848
490848
491948
497648
503248
527348
566948
591448
601348
608448
666048
672148
675048
685648
176749
187849
199349
210649
238449
267349
269849
274449
284749
295249
313249
316449
329049
336849
339849
347249
359949
360249
391049
394649
401149
403049
403849
403949
438349
468449
468649
497649
497749
503249
505549
522349
528649
608449
608849
645849
672149
675049
685649
723849
726949
729549
176350
178450
179350
180450
180650
182150
183250
187650
190050
190350
191650
191950
196550
197250
201250
203450
205850
207250
208750
209050
213550
214850
221450
221650
225050
229350
231050
231850
232950
237450
238450
240450
240550
241850
242050
242850
243950
247650
249550
251650
252250
254550
255450
256450
258750
261550
263250
267750
268750
269950
270450
270650
272150
274050
274450
278050
278250
282450
282550
283950
284850
286250
286550
287450
288350
289250
291650
292450
292850
293350
293450
293750
295150
296950
297050
298450
299850
301450
303350
303750
304150
312260
313160
313860
314460
314660
315060
317360
318460
319460
321360
321760
322360
323160
324460
324760
325360
325560
326660
328960
340260
342060
346160
349460
358860
360860
360960
361460
364460
365160
377960
382860
412860
415560
416960
457860
481660
485060
534960
569160
586860
609960
615260
663160
663260
176861
183161
185861
189061
190561
191461
201461
208461
208861
215661
216461
218761
219861
220361
220761
221061
225261
226061
229061
230861
232961
234761
236261
236861
238861
240761
240961
246461
250761
252261
252961
254061
256461
259761
263061
264061
264361
267461
269461
270261
270461
270561
601370
687970
174671
178071
180971
181771
186971
189471
195471
197271
200171
203771
207371
213971
214871
223071
223271
225471
233471
238471
239171
239271
239871
255471
257671
260471
260571
260971
261171
264671
266071
266871
269771
269971
270471
270771
272371
275771
282271
283471
283971
284871
286771
289871
292371
293271
294571
294971
296671
298971
299771
299871
302571
304171
304871
307871
310271
311071
311171
311271
312271
318771
320371
320571
321871
323471
326971
330171
332871
333771
338771
339271
341171
347071
351171
352471
353671
353771
357071
358471
365971
381271
381671
388671
388771
390271
421271
435571
461271
522871
523671
526371
687871
720071
174672
178072
181772
184572
186972
190072
195472
197272
203772
207372
214872
216272
220272
225472
231072
238472
239272
239872
242572
257672
260572
565576
376281
386281
416281
419681
422581
426781
453881
489081
549981
558981
585981
657881
678481
688681
716381
177182
178582
178782
181782
183582
185882
186682
187082
189082
191082
194982
198182
202182
206482
207782
210882
214482
224482
230582
230782
232382
238082
243882
249182
250882
252982
255282
263482
269682
270282
270782
271482
275082
277282
284682
285482
288582
289082
296682
297082
298482
301582
311082
312482
312582
319382
320082
323282
329882
340382
353182
354482
354782
367082
368982
398482
399682
412082
416282
453382
453882
488582
521682
544982
614882
616782
661382
678482
718082
177183
178783
183583
185883
186683
198183
200583
202183
207783
208983
365390
671491
178992
185192
186992
188192
193292
196192
199692
203292
204292
210992
213292
218592
219092
221492
223592
227692
232192
232392
232692
232792
237292
239192
240092
243892
244092
244792
249692
261892
263092
263492
265392
266992
268792
269992
275692
276192
276292
277692
280992
281992
286592
289192
295192
298892
303392
313792
313992
316592
322392
322692
324092
344592
346092
361792
367092
367692
417192
421092
422992
424592
425492
428292
475992
477092
493892
513492
538292
627392
178993
180993
185193
185693
188193
189193
196193
203293
213293
219093
221493
223093
225893
227593
232393
232793
236793
239193
240093
265393
266993
269993
271593
273593
275693
276293
295193
303793
313793
313993
321393
322693
353693
361693
362093
367093
367693
385193
389893
405693
412193
414493
416193
418393
422493
425493
428293
442093
459093
526393
527693
563393
568293
581193
637593
649793
657893
665993
700993
178994
180994
183994
184394
185194
188194
189194
196194
197294
197994
202594
203294
205594
213294
219094
221394
232394
232694
240094
258594
265594
281194
334394
343994
349694
353394
354494
356494
361694
425494
428294
442094
531794
636294
665994
680094
434811
509911
344812
344742
688336
423116
423117
403519
391828
391829
391830
446630
391831
391832
365451
597867
459702
387830
562532
378335
678245
678246
388790
