244055
255603
244225
209458
202226
184332
212240
216150
252570
195171
200873
177344
474698
69698
151899
167399
196820
197320
199920
196621
196821
197321
198721
199921
196622
198722
199922
196624
196630
196830
197730
200730
196631
197931
202131
196632
197932
196633
196640
197240
200040
196641
196642
196643
200043
196644
196650
197250
197350
198950
200050
202150
196251
196651
197251
197351
339619
359752
308000
308001
308002
307997
307998
307999
205721
121554
80455
88155
97456
127857
97458
80459
95359
103460
73260
93460
66561
68862
79762
83862
68963
69563
89163
53164
69564
78664
98364
48465
69565
69566
78867
68968
69870
88771
90371
92671
93271
69472
68973
119774
109575
68975
90376
105178
63081
69481
71182
89182
136983
68383
68783
89084
84085
149586
83090
66391
71493
123297
68397
479102
309509
309510
309511
471619
264022
451523
272535
451539
249677
265793
266099
440499
209800
272700
355600
431900
472000
231901
482901
231902
270302
505402
231903
237703
252003
338503
479803
231904
435705
213806
213807
212610
233010
250910
258310
262110
294610
258311
294611
321411
258312
268312
269212
294612
490237
378953
370256
503460
459779
207656
473537
415539
415559
415362
473577
415579
58290
58490
107391
44892
71793
157094
210994
157095
210995
113796
154896
461896
154897
471797
473597
157098
329399
415599
421099
23423
35334
42539
59341
23043
36548
20651
22753
23066
21781
32681
21187
21890
455503
195004
196304
196804
204104
207504
208804
210004
211904
23804
24304
246904
247504
250204
250304
257404
264904
273204
278104
278804
283604
285504
289304
302904
304304
305004
313304
315104
318004
318104
320404
324604
324704
324804
324904
325004
325104
325504
330404
331104
342304
347104
347304
347604
350704
350804
350904
351004
351104
351204
351304
352604
352804
353104
354704
354904
355204
355404
355804
356004
370004
391804
396704
407704
408104
429004
430104
438204
440804
440904
448004
450004
452504
457004
480004
488904
494804
494904
500504
500604
500704
503904
504104
505204
513404
54204
55004
60704
63404
65904
90404
97604
107105
107605
11905
124805
12805
12905
14605
15505
169605
171705
179705
179905
187605
18805
196205
196305
196805
206005
207505
21605
22805
24305
247005
250205
250305
273205
275105
278105
285505
292605
302905
304305
305005
315105
318105
320405
324605
515205
82206
350811
350911
351011
351111
351211
351311
351411
353211
353311
354911
355511
356011
356111
361311
370011
391811
397511
402411
40511
408111
411211
416911
428711
430111
43611
438211
440811
440911
447011
450011
469011
488911
494811
494911
500611
500711
504111
505211
58411
58911
60011
92111
92711
93611
99511
99911
104512
105812
107912
11012
111912
116012
123112
145412
146812
148612
150112
150312
152412
15512
157612
162312
167112
169712
17012
17112
171712
179112
179212
187512
188612
194912
196812
199212
203112
204412
205512
208312
213912
219812
23712
23812
240912
241912
247112
248612
250212
250312
250612
265412
265812
266712
267112
268412
268612
391213
391214
262515
391215
370216
391216
370217
391217
475717
476417
478017
480117
482717
486917
488917
493917
494717
494817
494917
500617
500717
504117
510017
511317
516017
70617
70917
89817
99717
104518
105818
107918
146518
146718
150318
157918
159318
171718
176218
18918
199218
203118
20318
204418
21618
219918
22218
23718
246618
246818
250218
255118
267418
268818
270218
271818
274018
275718
277918
296718
297418
304318
306318
307418
308118
310918
317818
324618
324718
324918
325018
325118
327418
348818
350718
350818
350918
351018
351118
351218
353318
355918
356718
366418
370418
371318
376218
391218
394118
396018
407418
408118
42618
440818
444318
454918
462718
481418
482718
488918
491418
494918
500718
504118
510018
511318
511518
70918
80618
89818
104519
105819
107919
14019
146719
150319
16519
171719
17219
176219
178619
194119
19619
199219
203019
262419
391219
421219
391220
391221
