205201
236901
237801
199802
183608
196508
202811
273113
187515
198515
183519
194819
256720
209422
247724
183828
205630
199731
199932
185934
187534
199434
262534
198536
198038
198438
198439
200539
205840
211240
187141
222941
198542
202342
185943
188443
198844
205145
187754
197955
215655
199457
198458
198459
200560
255461
199366
206866
215669
220071
181673
275474
182576
182377
197377
203178
273478
182379
181080
197483
205184
182490
206190
213990
198891
209193
198498
97700
62804
162906
83312
127921
70338
127841
187652
188853
80453
93256
100862
83463
144269
188473
73073
90475
82580
83083
149584
96289
117390
144990
80791
108301
187701
70701
96701
70702
81502
93402
129703
145203
70703
71503
93403
70704
71504
62805
127907
195807
69707
144308
64210
72310
79110
89210
125011
72312
123313
144814
188418
79918
111520
195320
98720
90422
155823
81223
73024
79024
97424
80628
145429
69930
78830
97330
70631
96331
100832
70632
180333
182333
70633
82833
70634
84034
97435
84137
70738
168240
69940
127842
81942
187744
71244
82845
82846
83246
115950
70050
80450
108851
166851
202151
115952
127252
121553
87753
73054
80454
83755
97455
83756
144957
202160
208560
88760
117661
127661
129761
79761
81061
83861
93461
96462
178963
73068
188870
202170
109572
196072
93272
109573
79176
90476
202180
83080
90380
202181
70681
83081
89181
92181
136982
68382
70682
149583
70683
151484
69984
73886
96288
101790
175690
202290
69890
70190
69491
83291
71192
119793
73193
149694
149695
95699
159700
121102
127902
144802
156603
146205
146305
349405
373705
264809
347810
187711
347811
347812
120113
347813
150015
194017
481517
329118
168220
194623
146028
371232
141733
343334
180337
142138
487938
337243
146845
188045
115750
127850
140050
331352
381052
127853
318354
136956
145257
322358
139960
171160
118161
187464
194266
121068
146269
146870
351870
136872
292672
320572
146373
362074
314076
146381
180081
309881
284384
486484
276185
504988
159389
379290
149592
121094
443095
509795
150996
443096
145997
194597
150998
301198
330784
486685
106400
83100
130601
113702
144803
100910
136210
142110
65810
66210
71310
100511
65511
65811
137012
65812
121413
54413
144216
91619
121420
94721
94722
63223
115927
158428
65229
111530
118530
70630
66331
97432
65233
99534
69535
71436
99536
53740
65740
79242
79243
121545
99545
68946
63047
74247
145148
168250
70551
72654
187156
48457
97457
79760
80460
83860
73261
147362
149667
90069
79370
79771
121174
149574
53174
46475
96775
99877
45980
54680
79580
45981
87583
124485
143985
74090
111593
110994
119794
80294
81295
196000
113701
111604
196010
46610
100911
136220
196020
196220
196021
196230
65234
72440
165843
83447
196250
90151
83754
83462
195763
195980
195981
124486
195990
195991
149593
80295
272317
48917
42524
270334
272361
354573
397173
270374
397174
397175
270287
271994
46594
42599
200601
216602
200610
232824
261930
207332
199933
229741
205242
233144
229346
212950
251260
204968
236971
244171
219373
204974
201386
204290
203691
263491
230199
40715
54415
71501
74207
96311
118312
54414
40727
81030
339146
127260
284465
53165
53166
53167
131970
340581
144784
111792
327400
220704
167710
200410
212310
194120
194222
113426
264433
457036
147241
270454
272654
89355
100272
204376
162793
229693
359193
272994
455996
204097
182700
188800
198400
205900
229300
254200
254300
207801
198002
208102
229702
229902
185103
185203
208703
229603
234803
181104
197504
183905
196505
197405
200805
233408
186209
200509
205609
182010
182110
186110
201310
214610
251710
186111
188511
202311
245211
183112
183512
196212
197112
202312
195513
206113
272613
201414
209414
182515
183515
205715
182016
186417
188417
264217
205018
221218
188819
181320
183520
209220
221821
262921
181222
185622
209122
187123
195323
196923
197124
200524
182125
184026
186426
200726
267026
182027
204427
231427
233328
213329
258129
180630
188930
201230
201530
204130
236830
251730
184731
202431
203331
208631
215731
182832
184132
181733
183833
184933
198433
209333
183834
196934
198434
198834
207234
220134
183235
181036
182136
183236
198436
182137
205537
205637
194039
194139
199439
206439
185040
195040
206740
209440
217240
223940
250040
189241
200041
208041
189242
194042
180543
207643
208043
210743
210644
194846
184047
209548
182849
185850
186950
201450
254650
185151
186251
186951
200551
197452
199452
209752
242452
185753
196753
231653
184955
185155
196755
184956
196356
197957
212057
230657
182158
202458
183259
229659
188760
206260
185961
188761
210461
212061
224361
272561
188462
219562
181963
183564
229764
229765
229965
186366
196866
203766
229966
196867
229167
209368
182169
206269
184970
187470
209470
245970
260170
261070
200871
220871
229271
231871
197472
202772
205072
189074
202375
233875
215676
229676
197477
207877
233278
209779
188780
197180
207080
209180
253980
195181
197681
202281
236481
200082
206282
188083
197283
181084
182284
182384
205284
207684
223884
205685
219385
182886
200486
207386
194887
230187
187388
206189
182190
185790
188490
188990
195090
229790
243590
245090
188491
202791
216791
262091
188492
201992
205692
182193
185693
188493
197493
198093
204893
224393
184394
204094
211794
232694
185595
194995
195095
206395
182897
194797
197497
207097
186999
510371
511687
512117
512118
496551
511696
119100
128100
145100
153800
160800
202700
106801
115001
160801
488801
124102
346403
146504
347306
361209
80309
122010
151210
474810
71610
196011
246614
274314
167315
505415
138916
202618
516618
202619
105020
195220
83121
58422
110723
501823
89123
166427
184027
107229
448229
124930
186630
448230
111231
151331
169731
186631
241631
108732
143932
186632
446832
112733
113533
133833
186633
112734
160134
172934
112735
169735
172935
513135
108736
112736
116637
474937
233138
118539
106440
140840
151640
199940
102341
71742
167443
239643
152644
157844
319544
74044
512745
111246
95749
97549
119350
145850
151250
195250
243750
320350
447050
496650
151251
97353
123254
138854
167255
516555
516655
167456
142957
167457
111258
449159
108760
154860
196260
449160
62960
80360
416461
95461
112763
87963
95864
257965
116466
63466
120067
153267
122270
140270
241170
496970
64670
69470
98470
155672
90674
116876
80076
94076
468777
476277
83277
471679
150981
251381
254381
67981
67982
159783
239683
169484
239684
112285
169587
62789
237790
54690
111291
114991
121091
111293
120594
91494
119795
120595
169695
116396
73297
90297
349198
346404
372707
373633
471680
373493
197100
197300
198800
199200
199900
200100
199901
200101
197902
199502
199902
197903
199503
199903
197905
197310
197710
198010
200110
197311
197911
198011
198811
197312
197912
200113
197914
200114
198951
199751
197252
199752
200052
197253
199753
200053
197254
200054
196660
196661
196662
196663
196670
197970
198070
198770
200070
196671
197971
198771
197972
198772
200072
197973
198773
200073
197080
200080
200680
197081
198581
199881
200081
200681
200083
200084
199287
197390
197690
197990
200090
200690
199791
200691
199892
200092
200093
200094
200095
74208
81040
69461
200051
168155
156690
156691
175282
144804
81021
115742
71491
116011
118313
169427
115036
99241
99256
95779
168091
423119
424119
432222
430924
433331
449461
71500
144815
81031
115751
175202
224333
195077
46651
22896
22897
147106
182213
510315
459116
147217
147044
511689
428701
366902
428702
366903
383904
398904
398905
398906
398907
356509
278612
384012
396512
405212
500512
384013
500513
367015
372815
379615
514515
515815
264016
387418
418719
418720
410621
418721
365522
410622
418722
418723
379632
385832
405232
346133
346134
512235
514735
505636
361037
376937
505637
361038
376938
505638
361039
376939
505639
418840
505640
364742
344943
355843
420646
283647
406952
406953
503453
513853
363654
384554
406954
464454
407355
309456
360956
360957
394857
360958
384059
199060
362260
404660
409060
427360
368061
473061
365562
368062
375162
387262
365563
368063
356164
365564
356165
404665
512465
356166
448266
356167
356168
464568
356569
356570
356771
268672
368972
384972
388272
403572
404172
406972
346873
404173
508875
460176
462576
376877
407577
513979
280480
370583
362184
343185
372786
372787
428487
211090
357591
392992
405192
443492
387093
405093
405193
364594
372894
387094
405094
364595
366995
380595
391495
398095
380596
149608
298800
284404
312604
420611
291012
265213
351918
503221
349327
299532
391333
327234
347935
347936
347937
276147
274849
336349
371252
331353
504653
310357
443257
495970
265172
292673
362075
505475
293180
335082
486485
283687
336387
504987
205388
298889
321389
444092
391593
444093
311999
330845
504646
486480
346300
346301
431801
346302
502402
341103
345103
346003
346803
352803
346804
337308
318609
508909
311910
313110
358510
319311
322312
322313
326413
322314
317815
437315
505715
509615
348616
436517
436518
471618
516118
465019
321820
321721
503321
339823
346323
516523
516025
337026
322227
445828
496630
325832
329832
365732
346234
363334
312036
312037
330537
354837
460237
472638
488038
312039
405939
312040
354240
312041
342741
503541
316943
321244
311145
345245
501145
327247
503447
327248
349248
321650
352850
354851
318552
504652
318655
349555
390456
443256
436357
346158
413859
516159
347560
379363
379364
340567
321468
328768
332072
340472
357072
312573
316473
332973
362173
326374
321275
321375
407575
509575
347276
354776
509576
468377
327679
354179
422579
317780
410280
407481
318882
348582
503382
329583
379383
330984
341584
338385
312086
352089
347390
351990
353790
496590
386492
497092
316694
391294
312095
349195
511195
511196
351797
433497
483397
433498
486718
325583
504699
14357
16589
16590
19006
16612
16613
16614
15565
16591
16592
15698
202200
196703
193904
144805
123308
349609
141210
202210
362212
371215
151518
143020
118321
183223
146624
127231
185131
187831
316431
194632
331334
127535
189035
173539
131440
115741
141741
167142
121546
182246
180347
274850
145351
137560
168260
119861
264861
144662
264862
314463
187664
314464
314465
314466
276267
314467
314468
314469
119470
119870
135270
314470
314471
119872
203172
314272
314472
119773
314273
314473
169374
314274
314474
314275
314276
314277
314278
272679
314279
322379
180080
314280
119881
136981
141681
314281
314282
203783
285583
149585
195785
118186
127789
307991
316391
353091
172692
307992
161893
307993
307994
307995
149696
187996
194796
307996
229498
16980
14107
13867
13893
16620
16593
16594
279001
194002
319002
194803
276205
316508
349610
185511
359712
386512
381113
349414
323415
436216
475220
276021
486725
362232
320734
459138
195839
277240
428142
256443
324043
346243
316544
346244
419347
295648
445848
327249
264950
327250
338250
295152
435452
444252
182253
181754
346154
346155
252656
275256
346156
180257
301058
288162
187163
312563
312564
323964
343964
352864
312565
184066
229466
332067
337067
289871
187472
289872
321972
206473
210175
310675
310676
334776
431682
272583
308683
255184
195786
354086
278687
295588
446288
307289
330091
265192
315192
340492
388992
311193
363393
180994
392594
197295
272195
422599
428699
280702
316758
205833
224440
205943
211160
202975
219491
208699
195404
207204
196405
188506
221709
194112
241112
188813
188814
188815
205816
222520
237520
206327
209429
230929
195530
197130
195531
187440
222440
250941
222246
204752
199458
204859
216163
195065
194571
207273
222075
222076
215878
202780
214380
184181
184483
199384
209986
212886
187389
207989
183190
219490
230900
222001
215903
215110
206116
206117
206118
219318
206119
202621
202622
210023
212123
222423
199428
203031
209131
204439
204352
199061
202469
209481
214381
199584
209899
314700
277401
319001
431901
318604
503104
338105
322207
289908
337108
188011
314412
348712
359912
181014
436515
436516
255218
265019
340619
185522
324123
180329
205429
206530
265232
351832
194033
320733
435533
327236
459136
505436
181737
327237
349437
321839
203640
210241
287341
272642
187144
330244
333045
332247
279848
357949
199950
252850
346750
199951
315351
346751
346752
199754
330454
331354
380154
330455
330456
229557
240857
388557
317559
196061
431762
315463
316764
184065
352865
340672
187473
196073
272074
316474
213976
362076
202977
363277
444577
278678
422580
182282
486482
317185
324488
199891
386493
220894
272494
275998
428498
194599
280722
316177
101800
109500
180500
72800
73700
81501
91501
78702
96702
96403
88104
83805
123307
73708
162109
81110
72311
72811
73511
203012
83812
144813
98513
194814
78716
156318
101320
116420
125020
180920
182020
235220
79120
87720
93820
187121
73221
72322
78923
97423
78725
178926
145427
78827
145030
98130
194831
88731
89531
108733
127833
255333
84133
96333
194034
84134
90234
121535
154335
73735
95736
97436
71637
71638
83738
91438
71639
100840
129740
71340
73940
168241
78941
79241
80642
71243
185744
157445
73745
83346
71648
89648
145549
71649
129750
210250
97750
100951
127251
72651
73951
104653
115753
73053
90254
108855
90255
100756
108858
195759
92260
100761
93361
155662
89162
93162
73863
163064
181364
96464
147867
149668
69170
70870
79070
88770
90370
187571
196071
69171
70871
78771
79071
81071
70872
78672
93372
136973
70873
127674
70874
149575
90375
71677
90377
150978
71678
115780
147780
157680
89180
120181
79781
119783
151483
178983
236683
72784
83485
84086
83788
114690
171590
71690
94590
97190
163191
71691
89591
71492
71692
71693
71694
81294
71695
83295
71696
71697
80297
71698
71699
513458
109700
66600
69300
69800
70700
93400
94600
100901
47801
69301
127903
65503
93404
96404
127905
127906
144806
71206
67410
68910
67411
73711
89211
89212
83315
150016
67520
72320
72620
111521
118121
79121
65722
68022
68023
110324
119024
54424
63224
68024
80627
69029
69030
79130
68431
72331
73932
69133
97433
108734
151434
97434
115736
97437
167939
95740
98940
72041
168242
67945
68445
67946
67947
67948
68150
69050
70650
67951
81051
68353
249904
505007
264010
265916
262327
295134
513636
411243
420747
261750
504156
255360
258661
509863
266077
513978
411679
509380
254283
309508
310915
309634
421040
311051
254255
427959
258660
424361
509862
254164
264070
479180
311489
257790
411592
313793
300812
348112
471912
258313
294613
348113
424013
513413
239514
258314
294614
209815
258315
294615
510915
211916
258316
258317
400017
463617
479717
487417
205218
258318
479418
487418
258319
276819
409219
419519
433019
487419
232820
349420
405920
311321
388121
247422
449322
208723
503723
205224
205924
208724
503724
209325
209625
264925
340825
253626
469226
488426
232729
352029
232930
245930
263430
268730
352030
358830
205532
377432
401732
365333
389133
394733
247434
455736
458136
483237
265938
267138
352938
470238
499638
209839
313739
491039
208740
232940
239040
433840
395541
458741
489041
209642
452142
489042
319743
338343
342744
230945
292345
312745
276246
292346
335446
213047
335447
335448
335449
355649
236250
239550
222551
236251
259751
208852
267752
339752
386452
268653
339753
399253
407053
268154
268254
339754
391455
505255
391456
232857
391457
472157
391458
450458
452358
456958
463058
471658
489058
232759
292159
391459
397759
419559
421759
453359
300760
208861
300761
432661
265962
300762
271363
341463
251064
254264
284464
238165
254265
273767
337367
232668
295568
295569
232870
234170
235670
254070
261370
435370
446970
236571
254071
435371
495871
248372
338172
403172
405172
406572
435372
245673
254273
268173
338173
358073
370573
443674
212975
515575
402376
452576
459176
515576
312177
321677
458377
459177
479977
515577
295778
458378
459178
463578
468178
515578
458379
214880
234180
240280
270080
423280
458380
490980
209081
216981
273581
458381
458382
205283
239583
246183
458883
333884
404784
247385
307585
402385
404785
502385
402386
291787
448287
247790
309590
251991
309591
309592
441392
255893
268293
401693
340595
380295
212997
447197
448397
395499
423299
425099
427599
431899
471999
219300
207501
452506
219209
381812
358313
222917
273317
256825
447228
266632
380532
209733
405434
400435
460636
434037
479737
210940
213942
453358
236260
252561
482161
235862
305663
341464
232669
325672
402472
325673
396979
235280
277981
338284
458884
312686
444988
390892
229496
198005
203008
197113
195016
222341
219252
200758
198260
196875
201175
197376
196684
198484
219384
197191
198491
128700
161901
181001
284902
331002
144807
123309
289909
114310
140710
143010
176011
145213
217415
282216
154117
182518
147819
129920
129921
127623
194826
166428
129930
131830
168230
349231
119532
151433
194133
127834
393935
119536
121536
352637
119538
153038
118639
151139
140740
127241
272641
217443
333145
349347
206453
234353
115755
181358
129760
264860
129961
147762
196062
196063
229467
322568
173170
337070
187671
234371
136972
183073
265173
116274
197274
119775
362077
180278
119480
162180
173180
136881
274881
276085
333385
149587
134688
320589
113590
163590
151594
124995
161895
149697
32170
40734
41286
233300
219615
194019
214620
194177
234478
194996
219399
205708
208113
200616
200520
205420
200621
200622
210022
200623
200624
200625
199426
200626
200627
205927
207729
204930
203631
200642
210544
199852
248453
219354
205955
219356
209161
204266
202471
202276
205897
107402
125102
100503
50304
494606
320407
313209
36010
499310
125111
357311
94312
114615
154816
481017
413619
170920
47320
96420
100521
157321
278321
97621
148022
154822
157322
182522
346423
416923
346424
215926
212028
101930
184830
212832
316132
378432
212833
65733
368834
105036
452636
486237
513337
513338
215739
207440
238540
323940
97140
145441
148041
489241
71350
209351
352552
378452
495152
181853
181854
468258
100560
356160
65560
200361
181062
181063
215863
220863
62063
78663
202364
343266
286367
63467
128070
154570
157071
352672
375672
73872
124373
157073
220773
157174
362674
157075
212076
481477
157078
202079
146480
154980
95380
154982
154983
157183
154884
154885
157286
157287
204287
147889
202389
361489
467889
154990
155290
240290
40713
41917
23602
32126
23731
22844
22846
23067
58208
35373
127900
165901
71502
48505
54405
65508
127910
100912
137013
144816
81220
72321
63222
65724
97425
91230
96130
133832
72332
80633
108735
121537
111540
70140
71040
69745
100546
104346
83446
63048
55050
70550
79250
97451
115754
55060
98960
80462
82062
79763
49367
49368
72670
79072
109576
119776
149576
81081
79182
94582
53183
79183
73889
47891
70891
87494
167996
42406
58209
61724
35333
53341
32171
46071
49483
58441
58256
46072
53201
48506
58216
63221
54423
65323
36024
40726
31230
40239
63049
40350
66060
54681
45990
45991
48940
49470
53175
233885
41604
41110
42120
42427
42428
42429
41430
42130
41431
41432
41433
41434
42540
42541
254147
41750
41651
41751
41652
152460
41760
41362
44163
41965
41770
42081
43482
43490
40500
33201
35503
54404
31107
31108
31710
31810
33211
33212
40714
32720
32123
61828
31240
32240
32340
40242
46742
46743
33250
40551
32360
40461
63461
30862
32271
31472
31872
35972
31873
33173
31874
33174
31875
53176
63476
31877
46477
32280
32780
32781
46981
48381
34590
47090
34591
47091
39592
47392
38993
38994
107600
12600
129000
138300
146700
150300
152200
154100
159400
160900
163800
168200
169700
171700
181400
187300
18800
194100
195000
196300
196800
203500
204100
204500
20900
210400
211000
21200
22500
229000
23100
231400
231700
240400
241300
24300
247200
248200
250200
250300
250500
256100
257900
263200
267100
273100
273200
273800
289500
302300
302900
304300
305000
309600
320400
320500
324600
324700
324800
324900
325000
325100
330000
346900
350700
350800
350900
351000
351100
351200
351300
352600
353100
354700
355000
355400
356000
357000
36500
375000
376200
381700
387100
390900
391800
407700
408100
411000
411500
42100
423700
42400
425200
429000
430100
43300
438200
440800
440900
446200
448000
450000
455200
457000
45900
465800
472400
474500
478900
480000
488900
492200
492800
494800
494900
500500
500600
500700
504100
513400
52100
60500
60700
63400
72900
79700
81800
98100
99100
105101
107101
107601
112401
134801
141501
146701
150301
151101
158501
159401
16501
171701
175301
185501
187301
193901
194001
195001
196301
196801
204101
204501
208701
208801
211001
215901
22401
231401
231701
234801
23801
240401
24301
246601
248001
250201
250301
263201
267101
273201
273901
278401
280401
281701
285501
285601
302901
304301
305001
309601
320401
324601
324701
324801
324901
325001
325101
328901
343501
346901
349401
350701
350801
350901
351001
351101
351201
351301
353101
354701
355001
356001
357001
381701
391801
407701
408101
411001
411501
415401
42101
42301
425201
429001
430101
433101
43801
438201
440801
440901
448001
450001
457001
472401
474501
478901
480001
488901
492801
494301
494801
494901
500501
500601
500701
502901
504101
513401
54901
59001
60701
61701
63401
64101
66401
72601
81201
90301
98001
107102
107602
12902
146702
149702
150202
151102
159402
162902
169602
171702
175302
181302
185502
187302
193902
195002
196302
196802
204102
204502
204802
207502
208802
231402
23402
234802
23802
23902
24302
243402
248002
250202
250302
252602
267002
267102
270102
273202
283602
285502
285602
302902
304302
305002
309602
320402
324602
324702
324802
324902
325002
325102
328902
333002
336302
342402
343502
346902
348902
350702
350802
350902
351002
351102
351202
351302
353102
354702
355002
355402
356002
357002
379602
391802
407702
408102
408402
416702
42002
42102
429002
430102
430902
43602
43802
438202
440802
440902
448002
450002
452502
457002
45802
472402
474502
480002
488902
492802
494802
494902
500502
500602
500702
504102
505202
510602
513402
57502
59002
60702
63402
65902
66402
66602
68002
80802
83702
90202
107103
107603
117803
144603
146703
151603
159403
160303
163703
171003
171703
179703
181303
184403
185503
18803
194103
195003
196303
196803
202903
204103
205503
207103
207503
208803
231403
23803
23903
241903
24203
24303
250203
250303
264903
267103
268803
273203
283603
302903
304103
304303
304603
305003
313303
315103
315303
318103
320103
320403
324603
324703
324803
324903
325003
325103
325503
330003
330203
330903
333803
344903
347103
350703
350803
350903
351003
351103
351203
351303
353103
354703
356003
370003
381203
391803
407703
408103
42003
425403
429003
430103
43803
438203
440803
440903
448003
450003
452503
457003
480003
488903
492803
494803
494903
500503
500603
500703
504103
505203
510603
513403
55003
60703
63403
65903
83703
90403
107104
107204
107604
116004
11904
124904
12904
14004
146704
151604
159404
169604
171004
171704
17304
178204
179704
179904
181304
187604
194204
324705
324805
324905
325005
325105
325505
330405
331105
333805
337305
347105
350705
350805
350905
351005
351105
351205
351305
352605
352805
353105
354705
354905
355805
356005
370005
391805
40205
407705
408105
417205
41805
429005
430105
438205
440805
440905
448005
450005
457005
47405
488905
494805
494905
500505
500605
500705
503505
504105
505205
513405
55005
60705
61105
63405
65905
69705
90405
94305
97705
107106
107606
111606
12806
12906
14606
146706
153706
167706
169606
171706
178506
179906
187606
196206
196306
196806
20406
222206
24206
24306
248206
250206
250306
273106
273206
289806
291306
292606
302906
304306
305006
307506
309906
315106
320406
324606
324706
324806
324906
325006
325106
325506
331106
332606
347106
350706
350806
350906
351006
351106
351206
351306
352606
352806
353106
354706
354906
355806
356006
370006
391806
407706
408106
411606
420506
428706
429006
430106
431506
438206
440806
440906
448006
450006
455406
456806
48406
488906
494806
494906
499806
500506
500606
500706
503506
504106
505206
513406
55006
60706
62106
62306
63706
67906
69706
80706
94306
99206
102407
107607
11107
124807
12507
12907
14607
147907
153707
163307
169607
171707
179907
187607
196207
196307
196807
212607
222207
23407
23807
24307
250207
250307
251007
263207
273207
279607
302907
304307
305007
315107
324607
324707
324807
324907
325007
325107
325507
331107
332607
338007
339307
341007
346307
347107
350707
350807
350907
351007
351107
351207
351307
352607
352807
353107
354707
354907
355807
356007
370007
391807
397507
407707
408107
42007
428707
429007
430107
435707
438207
43907
440807
440907
448007
450007
456807
464607
488907
494807
494907
499807
500507
500607
500707
504107
505207
513407
51607
55007
66307
67907
73407
82107
94307
97707
107608
12908
143408
146708
147908
154308
15508
158808
16308
169608
171708
179908
187608
19008
193908
194008
196208
196308
196808
21008
21108
212608
23708
23808
24308
246708
247508
250208
250308
251008
252408
253908
273208
284708
302908
304308
315108
324608
324708
324808
324908
325008
325108
325508
331108
331508
332608
347108
350308
350708
350808
350908
351008
351108
351208
351308
352608
352808
354708
354808
354908
355808
356008
370008
377208
391808
397508
407708
408108
42108
428708
429008
430108
438208
440808
440908
450008
48108
48208
486408
488908
494808
494908
499808
500508
500608
500708
504108
505208
513408
55008
66308
67908
94308
107609
11209
11909
12909
13609
143409
146909
147909
152109
15509
15809
169609
171709
179909
187609
193909
196209
196809
203009
204109
209109
219809
24309
247509
250209
250309
253909
257609
271009
273209
300909
302909
304309
305509
315109
317809
324609
324709
324809
324909
325009
325109
325509
331109
331509
332609
347109
348009
350709
350809
350909
351009
351109
351209
351309
351409
352509
353209
353309
354209
354909
355109
355409
356009
356109
357109
359609
360009
361309
370009
375009
391809
397509
407709
408109
41309
42009
42309
428709
430109
430909
438209
440809
440909
450009
456809
488909
494809
494909
500509
500609
500709
504109
505209
60109
66309
67909
68409
73109
106410
107910
123610
124810
12910
138310
14010
143910
144910
146310
146910
150110
150310
152410
152510
153010
15810
162310
167310
169710
171710
173610
17410
17810
179110
181410
188410
188610
19310
196810
196910
199210
204110
204710
204810
207510
219810
221210
230410
232810
23410
235910
23810
241910
244410
247310
250210
250310
250510
251910
255210
256110
256310
257910
258010
261810
269510
271010
271310
273210
300910
304310
315110
317810
320710
324610
324710
324810
324910
325010
325110
325510
331110
331510
34310
347110
347410
350710
350810
350910
351010
351210
351310
351410
352510
353210
353310
354910
355110
356010
356110
357410
361210
361310
370010
379410
391810
397510
40510
407710
408110
420610
42510
428710
430110
438210
440810
440910
44310
450010
46110
488910
49210
494810
494910
500610
500710
504110
505210
53910
58410
62510
62810
66710
72410
72810
90710
93110
93610
105811
107911
111011
13611
14311
144611
146811
150111
150311
152411
153411
162311
169511
169711
17011
171711
17411
179111
188611
194911
19611
196811
199211
204811
205511
206111
207511
219811
241911
248011
250211
250311
250611
254511
255211
261811
271011
272911
273211
275111
285511
304311
315111
317811
320911
324611
324711
324811
324911
325011
325111
325511
331111
331511
347111
350711
270212
271012
273212
304312
306312
315112
317812
320412
324612
324712
324812
324912
325012
325112
325512
331112
331512
347112
350712
350812
350912
351012
351112
351212
351312
351412
353212
353312
354212
354912
356012
356112
356712
361312
361812
362512
362912
363812
365312
367512
370412
375112
377112
380412
387112
390812
391112
393512
394312
394512
396112
396612
398012
403012
403412
404012
405312
408112
428712
430112
438212
440812
440912
441712
442712
443912
447012
450012
488912
494812
494912
500612
500712
504112
505212
58412
60212
80312
92112
92712
104513
105813
107913
11013
111013
11913
128213
149213
150113
150313
152413
162313
16713
169013
169713
17113
171713
17213
176213
178213
179113
184313
188613
194013
19613
196613
196813
199213
203113
204413
204913
205513
210613
219813
220113
220713
23113
234613
23613
23713
240913
241913
247613
247813
250213
250313
250613
264313
266713
267013
267113
267413
268713
269113
270213
272913
273213
296713
304313
306313
315113
317813
324613
324713
324813
324913
325013
325113
325513
331113
331513
346413
347113
348013
348213
350713
350813
350913
351013
351113
351213
351313
351413
353213
353313
354913
356013
356113
356713
357413
361313
362513
362913
363813
366413
367213
370413
373813
375113
377113
37713
378013
379913
393013
394513
396013
396113
396613
397813
398013
403013
404013
408113
42613
428713
430113
438213
440813
440913
441413
442513
442713
444313
447013
450013
488913
494813
494913
500613
500713
504113
505213
58413
79213
98113
104514
105814
107914
11014
12814
128214
143714
146514
150314
152414
162314
16814
169714
171714
173814
176214
179114
17914
188414
19614
196614
196814
197114
199214
203114
204414
205514
209114
209814
210614
219814
23614
23714
23814
241914
247214
247814
248914
250214
250314
257314
264314
266714
267014
267114
267414
270214
271114
271214
271314
274014
275714
296714
304314
306314
318614
324614
324714
324814
324914
325014
325114
325514
331114
338114
347114
350714
350814
350914
351014
351114
351214
351314
351414
353214
353314
354914
356014
356114
356714
362514
362914
366414
367214
370414
370614
373814
375414
394114
395514
396014
397314
398014
404014
405314
408114
408514
42614
428714
430114
43614
438214
440814
440914
442514
442714
444314
447014
450014
488914
494814
494914
500614
500714
504114
505114
58414
61414
68814
70314
81214
104515
105815
107915
11215
11915
122015
122715
13615
146515
14815
150315
152415
159315
162315
169715
171715
176215
183115
188415
19415
196815
199215
203115
204415
210915
219815
235815
23815
24015
246615
248915
250215
266715
267015
267115
267415
269115
270215
271015
271715
273115
274015
275715
295315
296715
304315
306315
310615
321415
324615
324715
324815
324915
325015
325115
325515
333115
338115
339615
343115
347115
348115
350115
350715
350815
350915
351015
351115
351215
351315
351415
353215
353315
354915
356015
356115
356715
362515
362915
366415
367215
370415
375415
38715
390315
394215
396015
396815
398015
401415
404015
405315
408115
417015
428715
43615
438215
440815
440915
442515
444315
450015
45215
46915
488915
494815
494915
500615
500715
504115
505115
510115
511315
514415
515915
58415
70615
70915
97615
104516
105816
107916
11216
122716
146516
146716
146816
14816
150316
152416
159316
162316
16816
169716
171716
176216
17716
178916
181716
196816
199216
203116
204416
210916
241916
248916
250216
252616
255116
261016
266716
267016
267416
270216
271716
274016
275716
276216
278616
296716
297416
304316
306316
321416
324616
324716
324816
324916
325016
325116
325516
332016
347116
350716
350816
350916
351016
351116
351216
351316
351416
353316
354916
355916
356016
356716
366416
367216
370416
371216
375416
392216
394116
396016
398016
404016
408116
42616
428716
438216
440816
440916
442516
444316
453616
454916
455916
458416
459816
462616
488916
494816
494916
500616
500716
504116
510016
511316
516716
70916
89816
99916
104517
105817
107917
108917
11217
11817
122717
12817
146517
146717
146817
14817
150017
150317
157917
159317
16617
169717
171717
172917
176217
17717
19317
194117
199217
203117
204417
209817
21617
219917
22217
245117
248917
250217
252617
254217
255117
266717
267017
267417
268717
268817
270217
272617
274017
275717
277017
296717
297417
301217
304317
306317
307417
317817
320617
324617
324717
324817
324917
325017
325117
325517
347117
348017
350717
350817
350917
351017
351117
351217
351317
351417
353317
354917
355917
356017
356717
366417
367217
370417
370517
375417
376217
376917
394117
396017
398017
404017
408117
428717
438217
440817
440917
444317
453617
454917
458417
459817
462617
462717
469317
471117
324818
325518
327518
347118
351318
351418
354918
356018
395118
404018
428718
440918
450118
456018
476418
485118
493918
494818
500618
54418
146519
148419
159319
203119
204419
21319
213819
21619
22219
231019
23719
250219
255119
267419
268819
270219
271819
274019
275719
276019
276119
277919
278119
280419
286819
296719
297419
298919
304319
306319
307419
308119
317819
320519
324619
324719
324819
324919
325019
325119
327419
330419
347119
347919
348819
350719
350819
350919
351019
351119
351219
351319
353319
354919
355919
356019
356719
370519
376219
390619
394119
396019
410719
41319
414419
414519
415419
416819
418619
420319
423719
424519
425419
427019
429319
432619
433219
440819
440919
444319
450119
454919
456919
466319
478019
478619
481419
482719
488919
491419
492019
493919
494819
494919
500619
500719
504119
511319
511519
51919
70919
79319
88219
89819
97219
100920
104520
107920
118720
121220
123420
125920
127320
136120
137220
150120
150320
151120
158920
16220
163320
163620
169320
169920
171720
173620
179020
181420
182620
18820
194720
197120
199220
202320
203220
203420
203820
204120
204420
210720
21620
219920
23220
234620
23720
24020
241820
241920
244420
247020
248620
249120
249420
250220
250520
253620
255220
255420
256120
267420
270220
275720
276320
277920
278120
286820
296720
297420
304320
306320
308120
317820
318520
324620
324720
324820
324920
325020
325120
330420
33720
347120
350720
350820
350920
351020
351120
351220
351320
353320
354920
355920
371320
376220
394120
394720
396020
40620
40920
410020
414420
414520
419420
423620
424520
425420
42920
439820
440820
440920
444320
44820
450120
45420
454920
456920
458920
45920
46920
478020
482720
488920
491420
493920
494820
494920
500620
500720
504120
510020
511320
511520
52220
52920
57520
58820
61420
61720
64520
65920
68920
69020
72420
92120
104521
107921
11821
121221
123421
137421
144821
149221
150121
150321
150521
151821
152221
156421
158921
159421
16221
170221
171721
172421
173321
173621
182621
18821
19321
199221
202321
203221
204421
21621
22221
23121
23721
24021
241921
247121
249421
250221
255421
256121
267421
270221
275121
275721
277921
285521
287321
296721
297421
304221
304321
304921
306321
308121
317821
324621
324721
324821
324921
325021
325121
347121
350321
350721
350821
350921
351021
351121
351221
351321
353321
354221
354921
355921
394121
396021
397621
402621
41221
414421
420721
423421
425421
42921
43021
440821
440921
444321
45321
45421
456921
461621
477421
478021
482721
488921
491421
493921
494821
494921
500621
500721
502921
504121
510021
57421
57621
60521
61421
61721
65921
68621
69021
92121
97021
104522
107922
11822
121222
12322
123422
143922
144622
145122
147022
14822
150322
152222
158922
167122
169922
171722
173622
182622
18822
19322
193922
